10.789999961853027
17.8799991607666
20.09000015258789
26.020000457763672
31.25
29.700000762939453
26.6299991607666
34.93000030517578
31.450000762939453
33.47999954223633
28.309999465942383
28.049999237060547
32.33000183105469
37.38999938964844
39.66999816894531
42.09000015258789
46.310001373291016
47.869998931884766
49.97999954223633
46.65999984741211
45.88999938964844
46.959999084472656
48.40999984741211
47.7400016784668
49.33000183105469
50.209999084472656
50.4900016784668
49.02000045776367
52.939998626708984
53.119998931884766
51.59000015258789
53.66999816894531
54.4900016784668
56.310001373291016
58.33000183105469
58.47999954223633
59.529998779296875
60.27000045776367
58.45000076293945
61.130001068115234
62.4900016784668
62.38999938964844
65.4800033569336
64.83000183105469
63.88999938964844
65.16000366210938
64.66999816894531
67.37000274658203
67.70999908447266
68.11000061035156
67.2699966430664
66.63999938964844
68.52999877929688
69.4800033569336
71.79000091552734
69.76000213623047
68.83999633789062
68.8499984741211
70.2300033569336
69.54000091552734
70.37999725341797
70.69000244140625
72.05999755859375
73.52999877929688
72.81999969482422
71.93000030517578
74.0999984741211
74.13999938964844
74.0199966430664
74.16000366210938
74.41000366210938
74.7699966430664
73.68000030517578
74.02999877929688
73.5199966430664
74.05999755859375
73.54000091552734
73.69999694824219
73.9800033569336
73.41000366210938
74.20999908447266
73.20999908447266
74.01000213623047
73.69999694824219
71.93000030517578
72.47000122070312
73.12999725341797
74.0999984741211
74.4800033569336
74.44999694824219
75.87999725341797
76.02999877929688
75.97000122070312
76.62999725341797
77.97000122070312
78.19000244140625
76.9800033569336
78.37999725341797
78.0199966430664
79.08999633789062
