12.0600004196167
13.890000343322754
16.6200008392334
20.1299991607666
25.790000915527344
32.61000061035156
39.11000061035156
43.91999816894531
48.220001220703125
50.66999816894531
52.77000045776367
53.75
53.970001220703125
54.45000076293945
54.66999816894531
54.90999984741211
54.72999954223633
55.36000061035156
56.189998626708984
57.0099983215332
58.63999938964844
59.880001068115234
61.06999969482422
63.09000015258789
64.68000030517578
67.1500015258789
68.12000274658203
69.95999908447266
71.4000015258789
72.9800033569336
73.87999725341797
75.66000366210938
75.18000030517578
77.77999877929688
74.13999938964844
74.62000274658203
63.060001373291016
72.31999969482422
75.58000183105469
82.5
81.06999969482422
83.72000122070312
81.70999908447266
83.27999877929688
80.3499984741211
82.44000244140625
79.83999633789062
82.94999694824219
83.19999694824219
84.18000030517578
84.91000366210938
84.79000091552734
85.5999984741211
84.8499984741211
85.54000091552734
84.68000030517578
85.88999938964844
85.63999938964844
86.98999786376953
86.6500015258789
87.68000030517578
87.05999755859375
88.12000274658203
87.62999725341797
88.5
87.77999877929688
88.66000366210938
87.97000122070312
88.98999786376953
88.41999816894531
89.3499984741211
88.83000183105469
89.51000213623047
89.08999633789062
89.61000061035156
89.52999877929688
89.83999633789062
89.69999694824219
90.2300033569336
89.81999969482422
90.2300033569336
89.91000366210938
90.37999725341797
90.18000030517578
90.66000366210938
90.48999786376953
90.81999969482422
90.81999969482422
90.91999816894531
91.19000244140625
90.93000030517578
91.30000305175781
91.18000030517578
91.45999908447266
91.2699966430664
91.52999877929688
91.41000366210938
91.66000366210938
91.51000213623047
91.70999908447266
