10.34000015258789
10.239999771118164
10.539999961853027
10.59000015258789
10.260000228881836
10.65999984741211
10.75
10.970000267028809
12.010000228881836
11.8100004196167
12.279999732971191
13.520000457763672
13.520000457763672
12.550000190734863
12.109999656677246
12.109999656677246
14.010000228881836
12.869999885559082
13.890000343322754
12.9399995803833
11.239999771118164
14.569999694824219
18.059999465942383
20.65999984741211
22.139999389648438
20.270000457763672
19.030000686645508
18.209999084472656
21.170000076293945
20.030000686645508
18.309999465942383
20.40999984741211
19.729999542236328
18.6299991607666
19.100000381469727
18.219999313354492
19.350000381469727
18.360000610351562
18.280000686645508
19.010000228881836
18.530000686645508
18.860000610351562
18.040000915527344
17.40999984741211
15.720000267028809
13.960000038146973
13.4399995803833
13.890000343322754
15.5
19.1200008392334
22.360000610351562
23.489999771118164
20.270000457763672
21.799999237060547
25.010000228881836
25.8799991607666
24.290000915527344
22.649999618530273
23.459999084472656
23.290000915527344
22.489999771118164
22.860000610351562
23.770000457763672
19.309999465942383
17.040000915527344
16.1299991607666
16.360000610351562
17.360000610351562
19.729999542236328
24.420000076293945
27.760000228881836
26.209999084472656
28.59000015258789
29.579999923706055
30.90999984741211
29.84000015258789
28.360000610351562
29.700000762939453
30.1200008392334
30.559999465942383
30.84000015258789
30.209999084472656
30.309999465942383
29.170000076293945
30.559999465942383
27.540000915527344
28.260000228881836
30.239999771118164
31.079999923706055
32.31999969482422
33.119998931884766
33.45000076293945
34.0
34.41999816894531
35.029998779296875
36.400001525878906
35.560001373291016
36.93000030517578
37.02000045776367
37.31999969482422
38.13999938964844
38.66999816894531
38.29999923706055
36.33000183105469
38.060001373291016
38.880001068115234
39.66999816894531
41.209999084472656
39.97999954223633
38.9900016784668
36.810001373291016
36.18000030517578
37.84000015258789
36.720001220703125
35.52000045776367
35.08000183105469
35.810001373291016
35.40999984741211
35.459999084472656
36.79999923706055
36.59000015258789
38.220001220703125
36.099998474121094
37.959999084472656
37.880001068115234
36.869998931884766
36.86000061035156
36.380001068115234
37.2400016784668
38.68000030517578
39.900001525878906
39.369998931884766
38.58000183105469
39.880001068115234
40.2599983215332
41.22999954223633
41.619998931884766
43.5
44.61000061035156
44.91999816894531
45.13999938964844
45.869998931884766
45.25
45.2400016784668
45.5099983215332
45.86000061035156
48.599998474121094
48.34000015258789
47.599998474121094
46.900001525878906
45.650001525878906
47.47999954223633
47.709999084472656
48.189998626708984
48.220001220703125
48.61000061035156
48.43000030517578
47.709999084472656
48.16999816894531
46.7400016784668
47.040000915527344
46.72999954223633
44.43000030517578
44.09000015258789
44.95000076293945
44.279998779296875
45.060001373291016
43.38999938964844
42.63999938964844
41.61000061035156
42.08000183105469
44.45000076293945
45.380001068115234
44.970001220703125
44.40999984741211
42.40999984741211
44.08000183105469
45.0099983215332
46.09000015258789
47.02000045776367
48.349998474121094
47.47999954223633
48.31999969482422
49.290000915527344
48.70000076293945
48.88999938964844
47.939998626708984
48.650001525878906
48.7599983215332
48.959999084472656
49.189998626708984
48.06999969482422
47.16999816894531
47.97999954223633
49.91999816894531
50.72999954223633
50.470001220703125
49.61000061035156
50.59000015258789
52.83000183105469
