8.819999694824219
9.819999694824219
8.4399995803833
11.15999984741211
11.619999885559082
13.15999984741211
10.829999923706055
10.880000114440918
10.4399995803833
10.569999694824219
10.109999656677246
10.069999694824219
9.149999618530273
9.859999656677246
10.09000015258789
10.170000076293945
10.199999809265137
10.069999694824219
11.180000305175781
10.770000457763672
10.0
10.510000228881836
11.569999694824219
15.930000305175781
16.600000381469727
15.180000305175781
15.59000015258789
14.399999618530273
16.8700008392334
14.420000076293945
14.020000457763672
15.930000305175781
17.5
17.299999237060547
15.949999809265137
17.979999542236328
19.780000686645508
16.059999465942383
17.510000228881836
18.270000457763672
17.809999465942383
16.3799991607666
15.510000228881836
14.9399995803833
14.100000381469727
11.010000228881836
12.020000457763672
12.329999923706055
14.960000038146973
16.649999618530273
14.760000228881836
12.289999961853027
12.729999542236328
11.529999732971191
13.859999656677246
11.6899995803833
9.899999618530273
9.729999542236328
8.25
8.069999694824219
7.119999885559082
7.090000152587891
8.380000114440918
8.069999694824219
10.739999771118164
9.6899995803833
9.680000305175781
9.489999771118164
9.770000457763672
10.899999618530273
13.619999885559082
14.220000267028809
14.65999984741211
14.25
13.180000305175781
13.930000305175781
14.609999656677246
14.760000228881836
16.239999771118164
17.84000015258789
19.440000534057617
19.260000228881836
18.020000457763672
16.8700008392334
17.860000610351562
15.5600004196167
15.569999694824219
15.680000305175781
14.970000267028809
16.079999923706055
14.880000114440918
14.489999771118164
14.010000228881836
13.970000267028809
12.75
13.229999542236328
12.8100004196167
12.4399995803833
12.800000190734863
14.119999885559082
13.270000457763672
13.869999885559082
13.40999984741211
16.079999923706055
15.65999984741211
14.550000190734863
15.779999732971191
15.520000457763672
15.390000343322754
15.739999771118164
14.670000076293945
14.529999732971191
13.520000457763672
14.550000190734863
14.270000457763672
13.649999618530273
15.819999694824219
14.460000038146973
13.350000381469727
13.899999618530273
13.960000038146973
14.029999732971191
13.569999694824219
13.550000190734863
15.380000114440918
16.31999969482422
15.920000076293945
16.549999237060547
18.059999465942383
19.389999389648438
20.299999237060547
18.6200008392334
20.309999465942383
21.530000686645508
20.479999542236328
22.989999771118164
26.459999084472656
27.690000534057617
26.360000610351562
27.979999542236328
28.799999237060547
26.670000076293945
26.06999969482422
28.079999923706055
27.350000381469727
25.270000457763672
23.700000762939453
24.059999465942383
22.920000076293945
22.780000686645508
22.670000076293945
22.34000015258789
21.1200008392334
21.579999923706055
21.139999389648438
20.09000015258789
20.360000610351562
20.8799991607666
21.950000762939453
23.459999084472656
24.739999771118164
24.899999618530273
25.610000610351562
24.780000686645508
25.139999389648438
24.0
22.3799991607666
22.139999389648438
20.209999084472656
19.059999465942383
18.489999771118164
16.90999984741211
16.309999465942383
16.739999771118164
16.270000457763672
16.889999389648438
17.780000686645508
16.65999984741211
17.1200008392334
17.309999465942383
16.639999389648438
16.5
16.90999984741211
16.5
15.779999732971191
16.420000076293945
17.479999542236328
17.709999084472656
16.979999542236328
16.31999969482422
18.799999237060547
18.68000030517578
19.700000762939453
19.149999618530273
20.0
21.100000381469727
19.559999465942383
18.979999542236328
20.579999923706055
20.030000686645508
18.829999923706055
16.75
19.43000030517578
19.059999465942383
19.84000015258789
18.790000915527344
17.770000457763672
16.510000228881836
15.6899995803833
15.170000076293945
16.06999969482422
15.010000228881836
13.59000015258789
13.3100004196167
14.619999885559082
15.25
15.5600004196167
14.479999542236328
14.180000305175781
14.390000343322754
14.760000228881836
13.399999618530273
14.1899995803833
13.40999984741211
14.229999542236328
15.380000114440918
15.710000038146973
15.760000228881836
15.170000076293945
15.289999961853027
15.579999923706055
16.309999465942383
17.469999313354492
18.34000015258789
19.399999618530273
20.43000030517578
21.239999771118164
20.90999984741211
20.540000915527344
20.8700008392334
20.889999389648438
20.809999465942383
21.649999618530273
21.309999465942383
21.469999313354492
21.219999313354492
21.190000534057617
21.149999618530273
20.170000076293945
20.049999237060547
20.690000534057617
20.1299991607666
20.1200008392334
20.239999771118164
19.540000915527344
20.1200008392334
19.610000610351562
20.799999237060547
20.84000015258789
20.90999984741211
20.3799991607666
19.889999389648438
19.889999389648438
19.68000030517578
19.299999237060547
18.729999542236328
18.260000228881836
18.860000610351562
18.959999084472656
18.93000030517578
19.170000076293945
18.75
18.43000030517578
17.8700008392334
16.600000381469727
16.420000076293945
15.09000015258789
15.380000114440918
14.1899995803833
13.020000457763672
13.09000015258789
13.15999984741211
13.1899995803833
13.100000381469727
13.59000015258789
13.6899995803833
13.4399995803833
14.130000114440918
14.800000190734863
16.790000915527344
18.43000030517578
18.610000610351562
19.530000686645508
18.989999771118164
18.440000534057617
18.219999313354492
19.200000762939453
18.969999313354492
17.780000686645508
17.809999465942383
18.34000015258789
20.18000030517578
19.209999084472656
19.709999084472656
20.34000015258789
20.829999923706055
20.389999389648438
20.079999923706055
20.059999465942383
20.059999465942383
20.43000030517578
20.440000534057617
18.8799991607666
19.90999984741211
21.1200008392334
20.600000381469727
20.5
20.729999542236328
21.40999984741211
20.899999618530273
22.040000915527344
23.1200008392334
23.579999923706055
22.600000381469727
22.520000457763672
21.280000686645508
21.899999618530273
21.360000610351562
19.979999542236328
20.43000030517578
20.280000686645508
19.950000762939453
19.229999542236328
19.989999771118164
20.850000381469727
21.18000030517578
20.920000076293945
20.239999771118164
19.8700008392334
21.219999313354492
21.899999618530273
22.56999969482422
21.770000457763672
22.010000228881836
21.920000076293945
22.40999984741211
22.850000381469727
23.639999389648438
23.229999542236328
22.739999771118164
22.690000534057617
23.100000381469727
23.100000381469727
22.450000762939453
22.969999313354492
23.020000457763672
22.639999389648438
23.200000762939453
23.09000015258789
23.799999237060547
23.020000457763672
23.149999618530273
22.940000534057617
22.90999984741211
22.15999984741211
22.190000534057617
23.489999771118164
24.059999465942383
23.860000610351562
23.40999984741211
23.200000762939453
23.559999465942383
23.219999313354492
23.780000686645508
24.469999313354492
23.940000534057617
24.440000534057617
24.09000015258789
24.31999969482422
24.540000915527344
23.860000610351562
24.040000915527344
23.770000457763672
24.0
24.889999389648438
24.389999389648438
24.959999084472656
24.90999984741211
24.850000381469727
24.729999542236328
24.969999313354492
24.40999984741211
25.049999237060547
25.040000915527344
26.040000915527344
25.790000915527344
25.700000762939453
25.3700008392334
25.209999084472656
24.8700008392334
24.6200008392334
24.700000762939453
24.639999389648438
24.579999923706055
24.940000534057617
24.59000015258789
24.809999465942383
25.270000457763672
24.729999542236328
24.950000762939453
24.389999389648438
24.40999984741211
23.540000915527344
24.229999542236328
23.25
23.860000610351562
23.06999969482422
24.420000076293945
24.6200008392334
24.15999984741211
24.18000030517578
24.639999389648438
24.290000915527344
25.100000381469727
23.850000381469727
23.760000228881836
23.959999084472656
24.18000030517578
24.059999465942383
23.149999618530273
23.65999984741211
23.229999542236328
23.219999313354492
23.469999313354492
23.459999084472656
23.420000076293945
24.149999618530273
24.389999389648438
24.56999969482422
24.40999984741211
25.15999984741211
24.81999969482422
25.06999969482422
24.6299991607666
24.68000030517578
24.149999618530273
24.360000610351562
24.700000762939453
25.309999465942383
25.18000030517578
25.329999923706055
24.979999542236328
24.829999923706055
24.670000076293945
24.540000915527344
25.579999923706055
25.889999389648438
26.25
26.350000381469727
26.1299991607666
26.079999923706055
26.65999984741211
26.3799991607666
26.790000915527344
27.65999984741211
27.459999084472656
27.219999313354492
26.360000610351562
25.719999313354492
26.43000030517578
26.489999771118164
25.760000228881836
26.700000762939453
25.649999618530273
25.969999313354492
26.399999618530273
26.700000762939453
26.06999969482422
26.059999465942383
26.760000228881836
26.25
26.270000457763672
26.850000381469727
28.209999084472656
28.200000762939453
28.219999313354492
27.549999237060547
28.40999984741211
27.780000686645508
27.940000534057617
27.8799991607666
28.549999237060547
27.729999542236328
27.639999389648438
27.290000915527344
26.299999237060547
25.969999313354492
26.139999389648438
25.84000015258789
26.209999084472656
