11.529999732971191
15.5
17.860000610351562
24.190000534057617
32.27000045776367
35.880001068115234
36.68000030517578
42.84000015258789
42.08000183105469
43.66999816894531
42.439998626708984
43.11000061035156
45.0
47.93000030517578
48.560001373291016
51.099998474121094
52.630001068115234
51.38999938964844
53.439998626708984
51.4900016784668
50.560001373291016
52.119998931884766
52.459999084472656
54.470001220703125
54.630001068115234
55.29999923706055
55.06999969482422
54.810001373291016
58.540000915527344
59.189998626708984
59.779998779296875
61.65999984741211
62.16999816894531
63.880001068115234
64.80000305175781
64.69999694824219
65.43000030517578
66.41000366210938
66.93000030517578
69.4800033569336
68.69000244140625
69.27999877929688
72.36000061035156
72.44999694824219
72.9800033569336
73.30000305175781
72.6500015258789
75.20999908447266
75.76000213623047
76.51000213623047
75.80999755859375
76.12999725341797
76.4800033569336
76.37000274658203
77.1500015258789
77.05999755859375
76.94000244140625
77.25
77.55999755859375
78.13999938964844
79.29000091552734
79.44000244140625
79.47000122070312
80.0
80.05999755859375
80.4800033569336
80.63999938964844
81.1500015258789
81.41000366210938
81.7300033569336
81.43000030517578
81.37999725341797
81.11000061035156
81.16999816894531
81.25
81.51000213623047
81.05999755859375
81.43000030517578
81.08999633789062
81.55000305175781
82.05000305175781
82.62000274658203
82.68000030517578
82.45999908447266
81.95999908447266
82.16999816894531
82.4000015258789
82.66000366210938
82.93000030517578
82.9000015258789
83.33000183105469
83.4800033569336
83.4800033569336
83.52999877929688
83.7699966430664
83.68000030517578
83.72000122070312
84.18000030517578
84.2699966430664
84.51000213623047
