12.0
14.109999656677246
16.0
23.3799991607666
31.229999542236328
37.470001220703125
39.09000015258789
44.79999923706055
45.41999816894531
47.9900016784668
47.58000183105469
49.0099983215332
51.2599983215332
50.5099983215332
51.959999084472656
53.869998931884766
54.060001373291016
54.86000061035156
57.099998474121094
54.09000015258789
54.0
55.97999954223633
55.189998626708984
57.5
56.650001525878906
56.619998931884766
57.31999969482422
56.59000015258789
60.34000015258789
60.060001373291016
62.25
64.12000274658203
62.959999084472656
65.56999969482422
65.77999877929688
66.44000244140625
66.98999786376953
67.04000091552734
68.79000091552734
69.91999816894531
70.41999816894531
70.5199966430664
72.44000244140625
72.81999969482422
73.22000122070312
74.83000183105469
73.66999816894531
75.94000244140625
75.73999786376953
76.06999969482422
76.11000061035156
76.19000244140625
76.80999755859375
77.05999755859375
77.4000015258789
77.37000274658203
76.94999694824219
78.06999969482422
78.58999633789062
79.06999969482422
79.66000366210938
79.08000183105469
80.0
80.45999908447266
80.62000274658203
81.33000183105469
80.95999908447266
81.37999725341797
81.73999786376953
81.66000366210938
81.87999725341797
81.68000030517578
81.5999984741211
81.80000305175781
81.41999816894531
82.13999938964844
81.75
81.95999908447266
81.83999633789062
82.66000366210938
82.77999877929688
82.94000244140625
83.16000366210938
83.30999755859375
82.98999786376953
83.13999938964844
82.9800033569336
83.66999816894531
83.69000244140625
83.79000091552734
84.19999694824219
84.44999694824219
84.44999694824219
84.27999877929688
84.73999786376953
84.9000015258789
84.7699966430664
85.19000244140625
84.94000244140625
85.18000030517578
