10.100000381469727
10.34000015258789
10.4399995803833
10.5
10.300000190734863
10.6899995803833
10.789999961853027
10.90999984741211
11.59000015258789
11.229999542236328
11.949999809265137
12.819999694824219
13.880000114440918
14.729999542236328
16.389999389648438
16.850000381469727
18.18000030517578
16.93000030517578
18.829999923706055
19.149999618530273
18.920000076293945
20.899999618530273
22.510000228881836
24.31999969482422
25.3799991607666
24.81999969482422
24.100000381469727
24.170000076293945
25.65999984741211
25.639999389648438
25.6299991607666
26.809999465942383
26.649999618530273
29.34000015258789
30.420000076293945
30.100000381469727
30.020000457763672
30.65999984741211
30.81999969482422
30.969999313354492
30.809999465942383
31.719999313354492
31.6299991607666
29.700000762939453
29.350000381469727
29.31999969482422
28.770000457763672
29.719999313354492
30.610000610351562
30.81999969482422
30.889999389648438
31.59000015258789
31.75
31.5
33.369998931884766
31.31999969482422
29.950000762939453
29.850000381469727
30.6200008392334
30.479999542236328
30.440000534057617
30.579999923706055
31.75
29.3799991607666
28.049999237060547
28.229999542236328
28.940000534057617
28.899999618530273
29.959999084472656
31.6200008392334
32.650001525878906
32.65999984741211
33.13999938964844
32.93000030517578
32.95000076293945
31.850000381469727
31.309999465942383
31.979999542236328
31.790000915527344
32.279998779296875
32.65999984741211
32.41999816894531
32.970001220703125
32.47999954223633
33.529998779296875
33.209999084472656
33.45000076293945
33.099998474121094
33.369998931884766
33.61000061035156
33.43000030517578
33.47999954223633
33.790000915527344
34.91999816894531
34.56999969482422
34.810001373291016
34.40999984741211
35.7400016784668
35.779998779296875
36.150001525878906
